0.118825	0.127779	0.0758937	0.114462	0.244472	0.318569	
0.0957579	0.145925	0.099949	0.148811	0.27475	0.234807	
0	0	0.0338714	0.399947	0.184639	0.381542	
0.0667308	0.0842615	0.0680996	0.368652	0.0744833	0.337772	
0.0736842	0.0597233	0.0781986	0.279126	0.21106	0.298207	
0.113908	0.0585198	0.251028	0.0124699	0.425804	0.13827	
0	0	0.0926	0.4444	0	0.463	
0.105781	0.0305755	0.313743	0.0888764	0.350947	0.110077	
0.021885	0.143771	0.0143005	0.149229	0.0171747	0.65364	
0.103121	0.0897524	0.144248	0.277265	0.106776	0.278838	
0.113964	0.042156	0.261601	0.20653	0.253823	0.121925	
0.078931	0.0435863	0.164358	0.300909	0.0871041	0.325111	
0.123611	0.0734249	0.257951	0.219122	0.143278	0.182613	
0.133098	0.0753058	0.1563	0.218957	0.22941	0.186929	
0.152231	0.152544	0.348934	0.0809479	0.184611	0.0807337	
0.163989	0.11066	0.386248	0.0826003	0.145113	0.11139	
0.059009	0.0980167	0.114097	0.399462	0.140387	0.189028	
0.13045	0.0252442	0.16516	0.083127	0.261604	0.334415	
0.0419268	0.0129334	0.140088	0.311537	0.201063	0.292452	
0.100379	0.0749374	0.168567	0.36853	0.107298	0.18029	
0.128411	0.0353542	0.105077	0.479728	0.0932941	0.158136	
0.130177	0.0219435	0.0652052	0.184243	0.135593	0.462838	
0.0840665	0.0235545	0.188871	0.0982023	0.370335	0.234971	
0.117612	0	0.0588059	0	0.117612	0.705971	
0.106737	0.0794551	0.289634	0.163356	0.212225	0.148593	
0	0.0431945	0.0637178	0	0.531754	0.361334	
0.0712669	0.0677515	0.111462	0.339785	0.17563	0.234105	
0.0386493	0.0453063	0.176952	0.201189	0.130446	0.407457	
0.164193	0.122507	0.240141	0.0945461	0.184547	0.194067	
0.0923386	0.0838374	0.205455	0.227756	0.216967	0.173646	
0.0410844	0.0259912	0.0533831	0.594172	0.0572757	0.228094	
0.105402	0.0995857	0.211923	0.176086	0.202033	0.20497	
0.0723191	0.033064	0.0996482	0.251608	0.307642	0.235719	
0.124975	0.0312937	0.343731	0.234353	0.10158	0.164067	
0	0.0190655	0.0160685	0.635339	0.0320816	0.297446	
0.0597636	0	0.0452703	0.575335	0.1453	0.174331	
0.10062	0.0319096	0.295292	0.0868071	0.175188	0.310184	
0.0915167	0.119201	0.198291	0.202613	0.108421	0.279957	
0.257353	0.160964	0.103648	0.085314	0.0749476	0.317773	
0.169349	0.162772	0.301359	0.087721	0.181749	0.0970499	
0.0193167	0	0.130801	0.230171	0.168037	0.451675	
0.104145	0.0587993	0.345986	0.178869	0.134425	0.177776	
0.0171468	0.0215938	0.0359595	0.459395	0.103743	0.362162	
0.205973	0.254545	0.126856	0.0456372	0.208713	0.158277	
0.0402226	0.0469096	0.130621	0.0298099	0.531212	0.221224	
0.0494107	0.0262118	0.0993055	0.474984	0.0645884	0.2855	
0.0405171	0.0681026	0.0640528	0.351538	0.105287	0.370503	
0	0.0190931	0.022285	0.599957	0.0328936	0.325771	
0.124269	0.0846877	0.254458	0.0345882	0.358612	0.143385	
0.205942	0.116442	0.284011	0.110217	0.203183	0.0802052	
0.112079	0.0681151	0.10108	0.323416	0.117536	0.277773	
0.0624092	0.0140482	0.179805	0.378405	0.149397	0.215936	
0	0.188219	0	0.152915	0	0.658866	
0.107535	0.033289	0.063549	0.394383	0.0560678	0.345175	
0.0411	0	0.0822	0.0685	0.7671	0.0411	
0.100185	0.167433	0.0235298	0.266513	0.209507	0.232832	
0.146982	0.124116	0.187956	0.120688	0.202812	0.217446	
0.0428584	0.0324463	0.0739243	0.339102	0.0955117	0.416157	
0.0244902	0.0121285	0.21428	0.122481	0.115135	0.511485	
0.144037	0.116344	0.18441	0.127015	0.225095	0.203098	
0.103484	0.0389389	0.146002	0.349582	0.128087	0.233906	
0.0105319	0	0.160343	0.446742	0.229267	0.153116	
0.0396064	0.0436695	0.0220793	0.504354	0.102329	0.287961	
0.137961	0.0868379	0.304265	0.145153	0.0949222	0.23086	
0.147171	0.108264	0.13807	0.113315	0.223574	0.269607	
0.0832839	0.0368535	0.288058	0.301749	0.137346	0.152709	
0.0147366	0.0190508	0.0111615	0.592303	0.0698011	0.292947	
0.0343697	0.0171848	0.141873	0.22865	0.207541	0.370381	
0.0368453	0.0397162	0.234753	0.0746982	0.496016	0.117972	
0.0635811	0.0498757	0.0621162	0.218665	0.116546	0.489217	
0.0742985	0.0720732	0.1341	0.333809	0.194895	0.190824	
0.180562	0.113707	0.0527965	0.285046	0.173635	0.194253	
0.112287	0.0693822	0.279916	0.0483565	0.387671	0.102387	
0.0743165	0.0348148	0.183206	0.244461	0.304275	0.158926	
0.184431	0.0614264	0.310151	0.0664176	0.237209	0.140366	
0.0728273	0.0585438	0.105202	0.312333	0.176902	0.274191	
0	0	0.1408	0	0.6338	0.2254	
0	0	0	0.877883	0	0.122117	
0.0977792	0.0753951	0.154432	0.224998	0.214281	0.233115	
0.0765798	0.0337786	0.145368	0.25273	0.288278	0.203266	
0.115965	0.0853211	0.15539	0.222627	0.275057	0.145639	
0.138714	0.0576773	0.224381	0.0338723	0.374505	0.170851	
0.0998527	0.0375576	0.174897	0.34976	0.0834776	0.254455	
0.0900163	0.0510043	0.208953	0.125077	0.318007	0.206942	
0.0366	0.0854	0.3902	0	0.1707	0.3171	
0	0	0.6667	0	0	0.3333	
0.26174	0.0792128	0.23281	0.0295271	0.33518	0.0615305	
0.0456732	0.0331702	0.082585	0.383626	0.123671	0.331274	
0.0675343	0.0405875	0.0938571	0.359446	0.192713	0.245861	
0.0995966	0.0433772	0.118634	0.199098	0.475028	0.0642656	
0.0134113	0	0.152311	0.344358	0.0931987	0.396721	
0.190493	0.141178	0.322013	0.0533828	0.237667	0.0552665	
0.134652	0.0695912	0.203299	0.288901	0.148888	0.154669	
0.0972589	0.0485624	0.296749	0.186572	0.0935026	0.277355	
0.0512542	0.0453797	0.281141	0.213979	0.263999	0.144247	
0.0267678	0.0315411	0.0870621	0.620789	0.146241	0.0875989	
0	0.0106451	0.107427	0.569013	0.0806933	0.232222	
0.0715256	0.045928	0.100988	0.030324	0.524312	0.226922	
0.035785	0.0335136	0.118885	0.29629	0.0907593	0.424767	
0.0161683	0	0.0286069	0.704976	0.0314457	0.218803	
0.0800292	0.0144771	0.268072	0.204146	0.279764	0.153512	
0	0	0	0.64271	0	0.35729	
0.124352	0.0751267	0.22884	0.01696	0.387389	0.167332	
0.0557958	0.0185882	0.119803	0.426403	0.117837	0.261573	
0.19679	0.138679	0.444794	0.0221375	0.177689	0.0199113	
0.116154	0.0760928	0.221988	0.087362	0.366942	0.131461	
0.12035	0.0573944	0.193883	0.285853	0.199716	0.142802	
0.0306008	0.0290491	0.108569	0.338766	0.0475355	0.44548	
0	0	0	0.8154	0	0.1846	
0.0332888	0	0.171331	0.402311	0.230735	0.162335	
0.0538335	0.115675	0.0897461	0.340193	0.163945	0.236607	
0.117874	0.124758	0.196418	0.190984	0.178133	0.191834	
0.0513291	0.0279301	0.181937	0.279466	0.182587	0.27675	
0.210211	0.0789436	0.315041	0.0677995	0.251291	0.0767143	
0.143398	0.123294	0.428504	0.0885627	0.143859	0.0723831	
0.0283944	0.0192694	0.0757778	0.501512	0.0865646	0.288482	
0.113309	0.0491045	0.293006	0.159159	0.243214	0.142208	
0.0477064	0.0216043	0.21989	0.266589	0.103301	0.340909	
0.123716	0.0314338	0.15595	0.239424	0.10788	0.341595	
0.0405267	0.0171538	0.36833	0.0754264	0.338201	0.160362	
0.0377693	0.0127401	0.115151	0.400594	0.0531508	0.380595	
0.0485185	0.038596	0.0864189	0.376744	0.0850057	0.364717	
0.0313768	0	0.0810339	0.616406	0.11428	0.156903	
0.0304829	0	0.469517	0	0.48169	0.0183099	
0.0652298	0.0925296	0.0905211	0.257055	0.185509	0.309156	
0.0627796	0.168309	0.108175	0.290033	0.198951	0.171752	
0.119837	0.027851	0.120403	0.337908	0.148934	0.245067	
0.072535	0.057118	0.275783	0.182089	0.106172	0.306302	
0.19583	0.0672345	0.19729	0.250203	0.132289	0.157153	
0.0389663	0	0.115878	0.274011	0.0991761	0.471968	
0.0681373	0.0566288	0.0664888	0.501633	0.136402	0.170711	
0	0	0	0.7857	0	0.2143	
0.233473	0.0737342	0.285184	0.0498229	0.302225	0.0555615	
0.0893997	0.0724693	0.245257	0.0126214	0.380767	0.199485	
0.0262987	0	0.280914	0.282641	0.177068	0.233079	
0.040705	0.0486557	0.146532	0.374399	0.12725	0.262459	
0.088657	0.0998924	0.190417	0.170786	0.126001	0.324247	
0.0794845	0.0346067	0.133203	0.313164	0.154231	0.285311	
0.101473	0.0480901	0.174966	0.361641	0.137627	0.176202	
0.08432	0.0376975	0.162601	0.3308	0.166445	0.218136	
0.0202512	0.0635125	0.018801	0.551017	0.189779	0.156639	
0.129141	0.0276723	0.0731357	0.153019	0.4518	0.165232	
0	0.0250368	0.0631817	0.732839	0.0286257	0.150317	
0.0874732	0.0304354	0.172617	0.280749	0.232558	0.196168	
0.0679985	0.0651858	0.215555	0.127647	0.279263	0.24435	
0.122252	0.0945604	0.125118	0.209022	0.261229	0.187819	
0.0610233	0.077346	0.228155	0.169558	0.139672	0.324246	
0.036568	0.022274	0.172217	0.234027	0.290556	0.244358	
0.0266993	0.018166	0.148752	0.300067	0.171439	0.334876	
0.0377771	0.0182025	0.157859	0.141457	0.469895	0.17481	
0.0504526	0.0523452	0.279821	0.213176	0.176959	0.227246	
0.0977792	0.0753951	0.154432	0.224998	0.214281	0.233115	
0.051973	0.0130723	0.290091	0.402399	0.087998	0.154466	
0	0.0679516	0	0.335971	0	0.596077	
0.0359214	0.0770687	0.0877639	0.315839	0.111456	0.371951	
0.0480445	0.0394983	0.145132	0.325812	0.121842	0.319671	
0.0595652	0.0224901	0.208339	0.337845	0.124074	0.247686	
0.0949358	0.0470584	0.0990832	0.346264	0.132787	0.279872	
0.0603652	0.013087	0.114525	0.379276	0.163173	0.269573	
0.0397153	0.0303214	0.280661	0.233029	0.212153	0.204119	
0.042552	0.0157102	0.15864	0.452665	0.19396	0.136473	
0.148816	0.10817	0.195015	0.0946407	0.274653	0.178705	
0.241425	0.152444	0.113225	0.0878229	0.11812	0.286962	
0.140581	0.123842	0.261666	0.130537	0.295625	0.0477497	
0.159476	0.133074	0.225136	0.132952	0.165772	0.18359	
0.0977288	0.0903561	0.17597	0.30996	0.166229	0.159756	
0.187237	0.0606472	0.180011	0.210057	0.143679	0.218368	
0.0698327	0.0332625	0.229989	0.124209	0.315318	0.227389	
0.129736	0.0641076	0.209679	0.162767	0.34962	0.0840908	
0.0266237	0.013398	0.0592039	0.628823	0.138782	0.133169	
0.16272	0.0922794	0.264708	0.133071	0.200108	0.147113	
0.0787194	0.0447248	0.0746018	0.375342	0.0797317	0.34688	
0.0811997	0.0307191	0.251794	0.252751	0.224534	0.159001	
0.0118632	0	0.141897	0.43385	0.125427	0.286962	
0.0761721	0.017038	0.272444	0.0515644	0.455661	0.12712	
0.068629	0.0753648	0.101831	0.299747	0.177376	0.277052	
0.118734	0.0817457	0.452673	0	0.316377	0.030471	
0.147663	0.0518535	0.270202	0.256227	0.0910105	0.183044	
0.0477316	0	0.124104	0.389861	0.177711	0.260593	
0.0590746	0.107746	0.207963	0.174488	0.117308	0.33342	
0.0564226	0.0265632	0.405614	0.145702	0.26514	0.100557	
0.0468381	0.0191943	0.070481	0.0952765	0.283441	0.48477	
0.0778333	0.0306756	0.154563	0.268088	0.300174	0.168666	
0.0865732	0.0529492	0.157175	0.281343	0.191442	0.230517	
0.0329787	0.0427201	0.0577625	0.28765	0.244465	0.334424	
0.135953	0.124589	0.199521	0.192701	0.200842	0.146395	
0	0	0	0.652159	0	0.347841	
0.0717418	0.0815488	0.158603	0.340854	0.131733	0.215519	
0.0125494	0	0.060156	0.528834	0.0968917	0.301569	
0.0865732	0.0529492	0.157175	0.281343	0.191442	0.230517	
0.0770214	0.0185501	0.245552	0.177323	0.246738	0.234815	
0.197274	0.0839878	0.113819	0.285082	0.102334	0.217503	
0.0439813	0.0347705	0.132806	0.363938	0.0820588	0.342446	
0.0570039	0.0411649	0.192237	0.180145	0.225447	0.304002	
0.110733	0.0280713	0.262061	0.353623	0.0868729	0.158639	
0.128171	0.0720522	0.146492	0.101656	0.273842	0.277787	
0.0819311	0.021293	0.308474	0.0432863	0.454341	0.0906741	
0.0574734	0.0316118	0.15945	0.200341	0.337858	0.213266	
0.103776	0.0657107	0.477624	0.0370471	0.216602	0.09924	
0.18718	0.128381	0.248508	0.0364558	0.257788	0.141688	
0.0416141	0.0119135	0.0535132	0.477034	0.0537166	0.362209	
0.0519	0	0.2468	0.0909	0.2208	0.3896	
0.118531	0.0479572	0.203054	0.200092	0.165206	0.26516	
0	0.0509804	0.123417	0.0354888	0.0917758	0.698338	
0.0375049	0.02854	0.148092	0.386425	0.123027	0.276412	
0	0.0194491	0.107606	0.132933	0.408606	0.331405	
0.0796276	0.0406351	0.317833	0.237	0.135863	0.189043	
0.129109	0.0412953	0.0708197	0.469356	0.0452876	0.244132	
0.0596891	0.0206123	0.190722	0.416849	0.0983992	0.213729	
0.203938	0.0557232	0.289294	0.183258	0.140527	0.127259	
0.214451	0.0722206	0.257555	0.16583	0.153324	0.136619	
0.149242	0.117298	0.21952	0.19883	0.170713	0.144396	
0.0675483	0.0378008	0.449248	0.11829	0.208029	0.119084	
0.17332	0.185601	0.137167	0.0517208	0.380411	0.0717807	
0.02917	0.0471474	0.115679	0.410351	0.213452	0.1842	
0.0527881	0.0128881	0.0532831	0.298214	0.173516	0.409311	
0.0689846	0.0540351	0.189368	0.266526	0.225027	0.196059	
0	0.1786	0	0.3214	0.0357	0.4643	
0.179169	0.0955929	0.194416	0.108232	0.281215	0.141375	
0.0167522	0	0.129025	0.621088	0.147147	0.0859874	
0.140772	0.0519365	0.119428	0.389974	0.116814	0.181075	
0.012012	0.0334498	0.111568	0.518874	0.0398191	0.284277	
0.0271754	0.0184758	0.190179	0.203293	0.137268	0.423608	
0.0991428	0.0519963	0.0966456	0.209793	0.294528	0.247894	
0.0366488	0.0291827	0.487693	0.0569281	0.265459	0.124088	
0.196586	0.0608339	0.122526	0.114718	0.151365	0.35397	
0.14669	0.0849986	0.141732	0.299927	0.109829	0.216824	
0	0	0.627066	0.0230083	0.0121591	0.337767	
0.0476045	0.0111919	0.088645	0.587256	0.0425356	0.222767	
0.014118	0	0.0576036	0.176435	0.477156	0.274687	
0.0619638	0.0360327	0.254691	0.271465	0.1517	0.224147	
0.0327038	0.053384	0.123696	0.288985	0.150971	0.350259	
0.063704	0.0157042	0.209531	0.296451	0.104329	0.310281	
0.0865732	0.0529492	0.157175	0.281343	0.191442	0.230517	
0.142366	0.0663864	0.339727	0.0843115	0.242266	0.124942	
0.201311	0.0830453	0.215771	0.191352	0.132591	0.17593	
0.16446	0.0766556	0.209246	0.0779298	0.308083	0.163626	
0.132834	0.151391	0.190965	0.138657	0.235292	0.150861	
0.0267025	0.017231	0.0660805	0.509623	0.0421221	0.338241	
0.159847	0.0868664	0.22246	0.19555	0.141521	0.193756	
0.0768114	0.0312199	0.0659985	0.263062	0.106282	0.456626	
0.038336	0.0231318	0.0346744	0.678371	0.0583164	0.16717	
0.34301	0.0965378	0.180714	0.0694722	0.170502	0.139765	
0.0565789	0.0397939	0.184485	0.35155	0.155681	0.211911	
0.171597	0.218846	0.184604	0.0813287	0.166379	0.177245	
0.0489024	0.119899	0.0489695	0.347862	0.177621	0.256746	
0	0	0.0101303	0.839502	0.0303372	0.12003	
0.140755	0.0576912	0.0917341	0.0963323	0.144129	0.469358	
0.108622	0.134639	0.0509667	0.355352	0.0958879	0.254533	
0.017087	0.0650899	0.0819483	0.298486	0.108581	0.428808	
0.110667	0.0159101	0.107852	0.287308	0.210878	0.267385	
0.0553217	0.0139945	0.195476	0.305678	0.232856	0.196673	
0.0396914	0.0840314	0.0713984	0.242018	0.338545	0.224316	
0.0576174	0.0748979	0.152761	0.343327	0.127834	0.243564	
0.129086	0.0753872	0.172145	0.272331	0.136462	0.214589	
0.0667959	0.0919714	0.193583	0.023945	0.428384	0.195321	
0.012449	0	0.132942	0.0541761	0.510136	0.290296	
0.119294	0.181596	0.108188	0.0848367	0.179511	0.326574	
0.0769647	0.107679	0.250157	0.132522	0.276687	0.155991	
0.067238	0.0941335	0.111672	0.248965	0.151075	0.326916	
0.0404492	0.0811775	0.0437261	0.219142	0.211862	0.403643	
0.0944312	0.133936	0.178411	0.107744	0.17706	0.308418	
0.067116	0.0357169	0.0977249	0.310472	0.130992	0.357978	
0.0276415	0.0191903	0.0636551	0.361371	0.210643	0.3175	
0.110069	0.0268413	0.0497226	0.0528509	0.259177	0.501339	
0	0.0762335	0.0151908	0.195427	0.091441	0.621708	
0.236225	0.20279	0.200199	0.0505801	0.268678	0.0415278	
0.175668	0.181838	0.146286	0.0668606	0.124098	0.30525	
0.0825531	0.0782603	0.0766812	0.204865	0.322444	0.235196	
0.146534	0.0423965	0.25229	0.217052	0.21261	0.129117	
0.196163	0.115262	0.187344	0.272506	0.146472	0.0822526	
0.0312422	0.0178112	0.156113	0.285018	0.310501	0.199314	
0.202205	0.0838464	0.277307	0.0835931	0.275345	0.077703	
0.100936	0.057952	0.246098	0.309697	0.113833	0.171484	
0.0247484	0.0433993	0.101545	0.531444	0.0842423	0.214621	
0.194994	0.154243	0.236045	0.144718	0.2086	0.0613999	
0.0713365	0.0282616	0.0898322	0.503622	0.0702172	0.23673	
0.107614	0.0166339	0.165043	0.196463	0.298241	0.216006	
0.145894	0.0305947	0.269325	0.133791	0.213418	0.206978	
0.216269	0.17793	0.253835	0.0413468	0.186727	0.123892	
0.0659931	0	0.276258	0.046624	0.502596	0.108529	
0.0177879	0.0602291	0.189185	0.266527	0.258359	0.207912	
0.20784	0.117528	0.133534	0.0837222	0.344651	0.112724	
0.0965005	0.0674931	0.1041	0.338513	0.205694	0.187699	
0.0413369	0.0343248	0.118867	0.370284	0.0798782	0.355309	
0.0726402	0.105075	0.267539	0.141644	0.244477	0.168625	
0.0865732	0.0529492	0.157175	0.281343	0.191442	0.230517	
0.0145552	0.0133658	0.124208	0.348205	0.255564	0.244103	
0.0109047	0	0.121172	0.278327	0.42058	0.169016	
0.0139395	0.0231973	0.124044	0.553468	0.119538	0.165814	
0.0847574	0.0393398	0.0979655	0.239289	0.374289	0.164359	
0.137049	0.211698	0.134199	0.0973371	0.235082	0.184635	
0.2981	0.0192	0.2981	0	0.3654	0.0192	
0.0365755	0.0331858	0.161929	0.35164	0.252206	0.164464	
0.0649025	0.0751923	0.12934	0.180079	0.277608	0.272878	
0.0471261	0	0.0787114	0.555071	0.0577043	0.261387	
0.242871	0.142203	0.276644	0.0287415	0.194753	0.114788	
0.0388248	0	0.506691	0.0527876	0.276903	0.124794	
0.252161	0.107271	0.234356	0.0770404	0.25116	0.0780122	
0.10372	0.113004	0.165677	0.0265689	0.189608	0.401423	
0.0604992	0.0251861	0.0771189	0.368132	0.195922	0.273143	
0.259261	0.0438216	0.320446	0.0691499	0.118828	0.188493	
0	0.075691	0	0.0250465	0.434674	0.464589	
0.168422	0.107702	0.196852	0.0643686	0.294643	0.168013	
0	0	0.0545861	0.754595	0.138393	0.0524263	
0.0604125	0.0360393	0.26495	0.303285	0.0991222	0.236191	
0.185142	0.142574	0.193783	0.12726	0.229277	0.121964	
0.110054	0.0393819	0.0817233	0.437934	0.176224	0.154683	
0.0974759	0.0925387	0.519442	0.074539	0.146244	0.0697607	
0.03964	0.0356503	0.0869158	0.393843	0.278141	0.16581	
0.0865732	0.0529492	0.157175	0.281343	0.191442	0.230517	
0.106208	0.0424141	0.069969	0.406229	0.106682	0.268499	
