0.0746946	0.0849063	0.126205	0.193417	0.171503	0.349273	
0.0845753	0.0721826	0.179954	0.241381	0.185969	0.235938	
0.0656825	0.0401722	0.128676	0.305529	0.201163	0.258777	
0.0884192	0.0736048	0.135293	0.282112	0.162113	0.258458	
0.0884028	0.058073	0.104123	0.264797	0.186931	0.297673	
0.0847598	0.0791541	0.270622	0.0523418	0.302495	0.210628	
0	0	0.0926	0.4444	0	0.463	
0.0884316	0.0403099	0.264751	0.155277	0.268578	0.182652	
0.0150095	0.130594	0.0201153	0.143384	0.0271748	0.663723	
0.0860804	0.0876816	0.201228	0.207608	0.213086	0.204315	
0.095836	0.0393047	0.167332	0.348351	0.127118	0.222059	
0.133701	0.0436017	0.192278	0.240972	0.134522	0.254924	
0.139364	0.0677619	0.222931	0.23027	0.135203	0.20447	
0.135581	0.0546732	0.131419	0.203291	0.225153	0.249883	
0.155466	0.137131	0.32394	0.109922	0.174239	0.0993012	
0.155795	0.089298	0.43456	0.084155	0.143648	0.0925442	
0.0745562	0.0551604	0.140629	0.362911	0.141106	0.225638	
0.104232	0.0346112	0.159169	0.176563	0.226446	0.298979	
0.0739111	0.0407357	0.151832	0.278103	0.178666	0.276752	
0.07894	0.0593256	0.17502	0.255891	0.202487	0.228338	
0.057126	0.0299466	0.0894443	0.510074	0.102305	0.211104	
0.0847954	0.0566297	0.0895062	0.304267	0.15537	0.309431	
0.0645371	0.0364071	0.147367	0.199268	0.28409	0.268331	
0.117612	0	0.0588059	0	0.117612	0.705971	
0.0820637	0.0531556	0.128962	0.305543	0.187872	0.242404	
0.0780766	0.0516244	0.148659	0.253732	0.225709	0.242199	
0.0698416	0.0536899	0.138842	0.356185	0.181732	0.199709	
0.0897023	0.0594516	0.179528	0.214992	0.229221	0.227105	
0.101774	0.0608692	0.171903	0.248884	0.190573	0.225996	
0.0456906	0.0397515	0.148395	0.322527	0.146222	0.297415	
0.0759228	0.0516714	0.116511	0.37542	0.154734	0.22574	
0.0836341	0.0661732	0.18614	0.252854	0.201423	0.209776	
0.0707177	0.0528878	0.140947	0.290724	0.209262	0.235461	
0.105955	0.0420197	0.25133	0.257627	0.146088	0.19698	
0.0204377	0.0149081	0.0387548	0.562564	0.0490465	0.314289	
0.107897	0.0324057	0.102697	0.325278	0.164162	0.26756	
0.0819914	0.041285	0.215276	0.12553	0.221989	0.313929	
0.0738602	0.0728869	0.221462	0.248308	0.106286	0.277196	
0.120413	0.0730299	0.148447	0.24512	0.170985	0.242006	
0.173459	0.160519	0.313792	0.0856711	0.189323	0.0772359	
0.061484	0.0387978	0.100779	0.255696	0.151931	0.391312	
0.105851	0.0460447	0.307091	0.255694	0.146074	0.139244	
0.0354312	0.0286814	0.0776507	0.416009	0.112116	0.330112	
0.218	0.2749	0.1327	0	0.2227	0.1517	
0.0835912	0.0527328	0.155383	0.264191	0.213303	0.230799	
0.0672531	0.0518743	0.142476	0.316668	0.179212	0.242517	
0.0631031	0.0965546	0.147353	0.256463	0.172975	0.263551	
0.0833083	0.0489453	0.135882	0.337172	0.175711	0.218981	
0.0997528	0.0763223	0.170759	0.1775	0.226414	0.249251	
0.0993177	0.0596807	0.173031	0.262227	0.193008	0.212735	
0.128331	0.0696061	0.135252	0.280856	0.166468	0.219487	
0.105899	0	0.200194	0.0764348	0.404887	0.212584	
0	0.188219	0	0.152915	0	0.658866	
0.0893433	0.0400846	0.166949	0.337995	0.127254	0.238374	
0.0836773	0.0495773	0.152401	0.267789	0.228101	0.218454	
0.086857	0.0950695	0.0813716	0.216502	0.180094	0.340106	
0.10266	0.0676058	0.218334	0.173454	0.216563	0.221384	
0.0890716	0.0527871	0.142441	0.275742	0.186772	0.253187	
0.0376764	0.0230601	0.255101	0.166929	0.146822	0.370411	
0.107332	0.0749215	0.146384	0.216731	0.181891	0.27274	
0.0856713	0.0775454	0.102925	0.337941	0.102692	0.293225	
0.0679391	0.0459759	0.190291	0.282983	0.187901	0.22491	
0.0768823	0.0529891	0.125398	0.330332	0.175372	0.239026	
0.0982301	0.0728352	0.298611	0.178218	0.116285	0.235821	
0.119269	0.0653778	0.152958	0.168798	0.232564	0.261033	
0.0816317	0.0392749	0.207459	0.298811	0.183878	0.188946	
0.027264	0.039421	0.043343	0.485976	0.0812797	0.322717	
0.0672164	0.0428723	0.130075	0.323309	0.154324	0.282204	
0.0925362	0.0608973	0.180261	0.217247	0.237786	0.211273	
0.083802	0.0524526	0.147374	0.271867	0.18343	0.261074	
0.0693593	0.0557391	0.149103	0.295178	0.201709	0.228911	
0.0805866	0.0623494	0.133096	0.300894	0.193482	0.229593	
0.0962806	0.0627871	0.205758	0.171298	0.307156	0.15672	
0.0649321	0.0385451	0.157315	0.309681	0.208793	0.220734	
0.170775	0.0881109	0.277941	0.126932	0.143937	0.192304	
0.0789491	0.061733	0.192979	0.191168	0.263882	0.211288	
0.0821057	0.0502169	0.15633	0.266825	0.214269	0.230253	
0.027479	0.0168065	0.051108	0.690181	0.0607651	0.15366	
0.0903298	0.0535328	0.144267	0.273155	0.189349	0.249367	
0.154346	0.0550788	0.191297	0.21837	0.183729	0.197179	
0.131681	0.033387	0.229254	0.184912	0.258784	0.161982	
0.0970099	0.0535618	0.17197	0.226767	0.232114	0.218578	
0.0693492	0.0469119	0.136079	0.332301	0.145022	0.270338	
0.0901121	0.0536424	0.165472	0.241716	0.219541	0.229517	
0.0366294	0.0853972	0.390108	0	0.170843	0.317022	
0	0	0.666699	0	0	0.333301	
0.151206	0.0720578	0.264251	0.0497782	0.400233	0.0624741	
0.0743838	0.0624894	0.109188	0.32614	0.133719	0.294079	
0.0147613	0.0102811	0.0515511	0.5727	0.0911968	0.25951	
0.0887077	0.0500698	0.151293	0.270003	0.234584	0.205343	
0.078155	0.0501804	0.123147	0.313	0.183207	0.252311	
0.191721	0.163886	0.240677	0.108317	0.210304	0.0850959	
0.100914	0.0548432	0.162423	0.275835	0.180233	0.225751	
0.0830949	0.0805352	0.2587	0.138335	0.155641	0.283693	
0.0456732	0.0340432	0.333226	0.144939	0.271833	0.170286	
0.0852795	0.0589799	0.141071	0.265276	0.217805	0.231588	
0.0661269	0.0396326	0.111869	0.398525	0.134637	0.249209	
0.0839746	0.051623	0.148318	0.239823	0.247817	0.228444	
0.0624833	0.0854538	0.162571	0.151065	0.13735	0.401077	
0.0786392	0.0504912	0.119457	0.32452	0.182018	0.244874	
0.0739598	0.0640224	0.20722	0.203266	0.240632	0.2109	
0	0	0	0.6377	0	0.3623	
0.0854866	0.0802529	0.269053	0.0528655	0.299743	0.212598	
0.0453961	0.0317691	0.123424	0.408154	0.0995268	0.29173	
0.101387	0.0644962	0.204598	0.241496	0.189973	0.19805	
0.111107	0.062532	0.202868	0.129168	0.30806	0.186265	
0.104839	0.0547842	0.253205	0.145971	0.180901	0.260299	
0.0849692	0.0376442	0.150068	0.310952	0.132242	0.284124	
0.0828179	0.0506525	0.150358	0.304509	0.183138	0.228525	
0.0505424	0.0299092	0.122496	0.43214	0.132294	0.232619	
0.0751278	0.070302	0.18755	0.212238	0.228874	0.225908	
0.108678	0.10471	0.210228	0.191138	0.205835	0.17941	
0.061017	0.0364645	0.104161	0.41106	0.12626	0.261038	
0.104727	0.0691368	0.197255	0.23952	0.196901	0.192461	
0.153454	0.188045	0.548412	0	0.110089	0	
0.067236	0.0349398	0.113269	0.392684	0.155916	0.235955	
0.0879461	0.0518353	0.173133	0.269408	0.197637	0.22004	
0.0624629	0.0560262	0.132172	0.338672	0.119607	0.29106	
0.103106	0.046721	0.15626	0.242325	0.18515	0.266438	
0.0466876	0	0.394418	0	0.498443	0.0604522	
0.0998278	0.0447932	0.152319	0.308546	0.154753	0.239761	
0	0	0.0130966	0.530875	0.0147985	0.44123	
0.0715361	0.0447718	0.140964	0.38077	0.157043	0.204915	
0.082989	0.0499654	0.176886	0.263425	0.20974	0.216994	
0.0755484	0.0698137	0.188546	0.210062	0.229697	0.226333	
0.0825789	0.0749066	0.149933	0.280551	0.194301	0.21773	
0.160012	0.0433202	0.153528	0.197968	0.200147	0.245025	
0.0571439	0.0341031	0.302548	0.17193	0.0550081	0.379267	
0.149169	0.0587385	0.198917	0.279118	0.142819	0.171238	
0.0844511	0.039459	0.118082	0.305575	0.152696	0.299737	
0.0910183	0.0495945	0.121583	0.350702	0.160216	0.226886	
0.0821057	0.0502169	0.149065	0.30737	0.181563	0.22968	
0.235211	0.0733727	0.213343	0.084024	0.288192	0.105858	
0.0920201	0.0712758	0.176979	0.18024	0.234342	0.245143	
0.050867	0.0231521	0.366534	0.194193	0.197499	0.167755	
0.0779629	0.0522569	0.125302	0.317002	0.182888	0.244588	
0.0876592	0.0629328	0.165166	0.204345	0.2108	0.269097	
0.115005	0.0398185	0.163623	0.312887	0.151445	0.217222	
0.115887	0.0664334	0.253845	0.203536	0.182067	0.178232	
0.096983	0.0436178	0.174055	0.263001	0.211838	0.210505	
0	0.0549319	0	0.561974	0.267997	0.115097	
0.100611	0.0482393	0.150813	0.259959	0.243468	0.196909	
0	0.0214354	0.0641395	0.764215	0.0219372	0.128273	
0.0442955	0.0252025	0.121445	0.330171	0.245971	0.232915	
0.0981679	0.0607743	0.168559	0.195834	0.205206	0.27146	
0.0841443	0.05442	0.123633	0.30367	0.19231	0.241824	
0.0675388	0.0859684	0.211101	0.122595	0.26262	0.250177	
0.0668969	0.0443046	0.245396	0.138923	0.344466	0.160013	
0	0	0.0448523	0.481186	0.10222	0.371742	
0.0699512	0.0402514	0.184156	0.203905	0.30091	0.200826	
0.0802982	0.0526412	0.234411	0.185867	0.238984	0.207799	
0.0903298	0.0535328	0.144267	0.273155	0.189349	0.249367	
0.029007	0	0.364717	0.451856	0.0195051	0.134915	
0.0722907	0.0557598	0.131647	0.289493	0.16121	0.289599	
0.0771388	0.0567261	0.140517	0.282596	0.176111	0.266911	
0.0873198	0.0520174	0.143763	0.276549	0.184429	0.255922	
0.0686858	0.0231998	0.209049	0.342374	0.128911	0.227781	
0.0731735	0.0476224	0.131874	0.304092	0.150719	0.29252	
0.0783123	0.0479295	0.144475	0.312771	0.182389	0.234123	
0.077789	0.0486252	0.182705	0.267455	0.199081	0.224345	
0.0796945	0.0605478	0.183667	0.268382	0.203098	0.204611	
0.126439	0.121533	0.159741	0.150882	0.257357	0.184048	
0.123515	0.0930616	0.110321	0.230145	0.143693	0.299264	
0.100908	0.0742185	0.185401	0.243302	0.210084	0.186087	
0.153914	0.107619	0.261794	0.146473	0.195236	0.134963	
0.105218	0.0891942	0.205639	0.218626	0.204744	0.17658	
0.189349	0.0966294	0.160127	0.195908	0.1545	0.203487	
0.0803437	0.0455668	0.122713	0.240886	0.273808	0.236683	
0.115616	0.0490091	0.193906	0.251462	0.214338	0.175669	
0.0683447	0.0348551	0.151458	0.410378	0.162496	0.172468	
0.121896	0.013975	0.469479	0.0369773	0.140456	0.217217	
0.0507639	0.0308539	0.0766096	0.382667	0.0917396	0.367366	
0.0798733	0.0553372	0.221956	0.28158	0.184588	0.176665	
0.041212	0.0220019	0.150545	0.408546	0.140551	0.237144	
0.0899978	0.0383565	0.234373	0.140282	0.346914	0.150076	
0.0793146	0.0428159	0.117861	0.383541	0.145463	0.231005	
0.0885277	0.055058	0.180563	0.259492	0.201546	0.214813	
0.109257	0.0393976	0.203013	0.329702	0.110281	0.20835	
0.0745279	0.032945	0.111748	0.390592	0.119541	0.270646	
0.0388108	0.0260053	0.254443	0.167653	0.146386	0.366702	
0.0750936	0.044305	0.239045	0.24062	0.207985	0.192952	
0.0900208	0.039428	0.130148	0.20495	0.202243	0.333209	
0.0852411	0.0476443	0.157894	0.281375	0.21232	0.215526	
0.0865731	0.0529492	0.157176	0.281344	0.191442	0.230517	
0.0716207	0.0502689	0.1292	0.289048	0.189518	0.270343	
0.082358	0.0541327	0.124591	0.308137	0.1873	0.243481	
0	0	0	0.652144	0	0.347856	
0.074554	0.0506467	0.168596	0.32414	0.137961	0.244103	
0.0621227	0.0354818	0.123066	0.363023	0.158845	0.257461	
0.0865731	0.0529492	0.157176	0.281344	0.191442	0.230517	
0.0922205	0.0264265	0.38151	0.0856065	0.232103	0.182133	
0.139758	0.060963	0.136506	0.266436	0.147427	0.248911	
0.0960678	0.0426093	0.145658	0.214021	0.190536	0.311108	
0.0783459	0.0499632	0.162935	0.257226	0.190534	0.260996	
0.0967491	0.0388922	0.211517	0.315365	0.131809	0.205668	
0.092795	0.0793958	0.167165	0.195018	0.253664	0.211962	
0.0965913	0.0386798	0.160823	0.243882	0.259366	0.200657	
0.0415134	0.0253931	0.366088	0.253135	0.14334	0.17053	
0.0923896	0.0717758	0.186541	0.189398	0.234081	0.225815	
0.202301	0.13894	0.27092	0.0393169	0.259099	0.0894232	
0.0437369	0.0270298	0.0702323	0.463036	0.0836562	0.312309	
0.0568289	0.017776	0.232036	0.0990392	0.218404	0.375917	
0.0888665	0.0407665	0.134362	0.294236	0.129234	0.312535	
0.0787204	0.0527279	0.154069	0.25906	0.182325	0.273098	
0.0659682	0.0425915	0.130013	0.335056	0.149547	0.276824	
0.0746588	0.0467211	0.143621	0.289111	0.194704	0.251184	
0.060463	0.0451914	0.268532	0.320566	0.151209	0.15404	
0.0737154	0.0318936	0.138605	0.417126	0.103043	0.235617	
0.0516876	0.0173703	0.280441	0.398572	0.0787124	0.173216	
0.107382	0.0471216	0.158383	0.298313	0.161566	0.227234	
0.137616	0.0465138	0.308303	0.218415	0.148084	0.141068	
0.103071	0.0464381	0.353718	0.21148	0.166684	0.118609	
0.0653561	0.042041	0.279692	0.17853	0.241558	0.192822	
0.0921404	0.0614476	0.15589	0.26682	0.20335	0.220351	
0.0376894	0.0167389	0.051648	0.617609	0.0987853	0.177529	
0.074518	0.0329636	0.109192	0.22806	0.216199	0.339067	
0.120049	0.0565533	0.166626	0.268495	0.168294	0.219982	
0	0.1786	0	0.3214	0.0357011	0.464299	
0.10194	0.0593362	0.203422	0.193304	0.252397	0.189601	
0.0518815	0.0328013	0.0966248	0.487688	0.155175	0.175829	
0.129944	0.0647449	0.112015	0.339082	0.15648	0.197735	
0.041408	0.0528439	0.193227	0.250637	0.128079	0.333806	
0	0	0.125935	0.326428	0.056339	0.491298	
0.129548	0.0769059	0.158975	0.0463186	0.443575	0.144678	
0.0456311	0.0355966	0.473171	0.0796115	0.248652	0.117338	
0.095701	0.0614794	0.177839	0.214551	0.2316	0.218829	
0.132847	0.056451	0.165578	0.281782	0.15183	0.211511	
0	0	0.666699	0	0	0.333301	
0.0736102	0.0396199	0.133061	0.382106	0.141592	0.230012	
0	0	0.0357104	0.0959337	0.54684	0.321516	
0.0871059	0.0420162	0.185779	0.308237	0.159039	0.217822	
0.0667521	0.0492272	0.141244	0.273231	0.18362	0.285926	
0.0579868	0.0412088	0.32263	0.188517	0.135966	0.253692	
0.0865731	0.0529492	0.157176	0.281344	0.191442	0.230517	
0.117145	0.0398905	0.159192	0.315624	0.175278	0.192871	
0.0897954	0.0660399	0.186792	0.251386	0.198291	0.207695	
0.0931076	0.0374119	0.231673	0.135361	0.333001	0.169445	
0.0970823	0.0873002	0.160192	0.24073	0.203906	0.210789	
0.0770846	0.0494422	0.118597	0.326256	0.177199	0.251421	
0.149452	0.0502343	0.246436	0.19147	0.1802	0.182208	
0.10344	0.0463345	0.15089	0.299293	0.160511	0.239531	
0.0322427	0.0191824	0.0543301	0.676242	0.0672064	0.150796	
0.204075	0.0634029	0.166142	0.180071	0.1798	0.206508	
0.0792815	0.041563	0.20283	0.267495	0.202101	0.20673	
0.147377	0.142193	0.147744	0.15639	0.236882	0.169414	
0.08866	0.0552042	0.140776	0.277304	0.188379	0.249677	
0.0780763	0.0477524	0.142677	0.336484	0.17543	0.219581	
0.0956348	0.052927	0.148767	0.253262	0.186286	0.263123	
0.0766696	0.0713198	0.185981	0.213532	0.226572	0.225927	
0.026188	0.130861	0.0620963	0.18335	0.0618357	0.535669	
0.104369	0.0515336	0.099128	0.26975	0.178709	0.296511	
0.0382271	0.0135819	0.0754185	0.570981	0.20648	0.0953123	
0.0795755	0.0527067	0.12108	0.309836	0.191117	0.245685	
0.041965	0.0360752	0.121683	0.381847	0.191061	0.227369	
0.0214942	0.0133162	0.0530167	0.588646	0.0359321	0.287595	
0.0874828	0.102623	0.20222	0.16582	0.288554	0.1533	
0.0326687	0.0160971	0.126231	0.0900939	0.52452	0.210389	
0.14573	0.0956142	0.178411	0.178269	0.205023	0.196953	
0.084219	0.06982	0.18108	0.242886	0.210868	0.211128	
0.0900082	0.0596107	0.146084	0.266334	0.214122	0.223841	
0.0439713	0.0532726	0.111697	0.192861	0.169845	0.428353	
0.115628	0.0756717	0.149355	0.231269	0.171701	0.256375	
0.0891976	0.0381542	0.105855	0.361855	0.160469	0.24447	
0.0793666	0.0533013	0.160619	0.278364	0.206211	0.222139	
0	0	0	0.0285926	0.360318	0.611089	
0.0666553	0.0599724	0.167255	0.244423	0.149775	0.311919	
0.124425	0.0925205	0.183204	0.183563	0.238306	0.177981	
0.17175	0.173709	0.0934895	0.132057	0.116113	0.312881	
0.0708168	0.0581952	0.138761	0.285445	0.215875	0.230907	
0.191468	0.104283	0.359695	0.0889974	0.189983	0.0655735	
0.100054	0.0609856	0.161291	0.277218	0.186836	0.213615	
0.0771816	0.0478651	0.175284	0.282341	0.206518	0.21081	
0.214214	0.068508	0.263229	0.118229	0.229349	0.106471	
0.0530344	0.0186999	0.281982	0.395024	0.0795567	0.171703	
0.0904703	0.131394	0.412967	0.129349	0.138122	0.097697	
0.109559	0.0786491	0.182485	0.246789	0.194324	0.188194	
0.0829308	0.0508612	0.14921	0.224911	0.170975	0.321112	
0.0902065	0.0411846	0.150155	0.178966	0.325944	0.213544	
0.0969873	0.0467505	0.213481	0.232453	0.18208	0.228248	
0.116191	0.0799064	0.185433	0.225663	0.188481	0.204326	
0.0801363	0.0367056	0.192317	0.211504	0.283428	0.19591	
0.083696	0.0593026	0.143469	0.259286	0.220306	0.233941	
0.171494	0.0945768	0.162782	0.191604	0.199412	0.180132	
0.14474	0.05666	0.136814	0.2661	0.152577	0.24311	
0.0775176	0.0599811	0.0958211	0.321717	0.15445	0.290513	
0.0855344	0.0666568	0.186948	0.241399	0.211985	0.207477	
0.0865731	0.0529492	0.157176	0.281344	0.191442	0.230517	
0.0649645	0.0471307	0.183561	0.226247	0.218574	0.259522	
0.0356302	0.020836	0.25698	0.12102	0.39238	0.173154	
0.0363973	0.0244687	0.0967089	0.55564	0.103279	0.183506	
0.0569717	0.0332015	0.139351	0.194957	0.427576	0.147944	
0.0946693	0.0848722	0.12671	0.299258	0.180453	0.214038	
0.0957483	0.0514853	0.163288	0.26914	0.198987	0.221351	
0.0799458	0.0488382	0.157136	0.291039	0.202671	0.220371	
0.0892352	0.0435734	0.132602	0.348671	0.149117	0.236802	
0.0800379	0.0442024	0.142287	0.320942	0.165765	0.246766	
0.195025	0.116909	0.225412	0.115391	0.17154	0.175723	
0.0551095	0.0224046	0.432665	0.123701	0.222877	0.143243	
0.305789	0.133456	0.129614	0.0807926	0.254837	0.0955108	
0.0986245	0.0593234	0.202945	0.191398	0.249764	0.197944	
0.0792218	0.0583156	0.171223	0.274492	0.198224	0.218523	
0.109734	0.050776	0.173756	0.258833	0.180804	0.226096	
0	0.0789002	0	0	0.447398	0.473702	
0.103394	0.0681059	0.181213	0.199759	0.23955	0.207978	
0	0	0.0409271	0.811464	0.0930222	0.0545865	
0.0780895	0.0517027	0.195946	0.264462	0.16574	0.24406	
0.219775	0.152358	0.258149	0.0622226	0.23492	0.0725762	
0.0826423	0.0507206	0.119638	0.323961	0.184232	0.238806	
0.101255	0.0851493	0.661519	0	0.125323	0.0267537	
0.0782365	0.0490845	0.146795	0.296138	0.206396	0.22335	
0.0865731	0.0529492	0.157176	0.281344	0.191442	0.230517	
0.0920355	0.0568714	0.167736	0.240837	0.231014	0.211505	
